PS E:\课题研究> cd "e:\课题研究\" ; if ($?) { g++ -std=c++14 model_0_2.cpp -o model_0_2 } ; if ($?) { .\model_0_2 }
Point #N        Game    Score(A:B)      L_i             G_A             G_B             M_A             M_B
-------------------------------------------------------------------------------------------------------
1               1       1:0             0.147500        0.147500        0.000000        0.147500        0.000000
2               1       1:1             0.184100        0.000000        -0.184100       0.059177        -0.110240
3               1       2:1             0.172700        0.172700        0.000000        0.112753        -0.058213
5               1       4:1             0.200200        0.200200        0.000000        0.161489        -0.021124
6               1       5:1             0.187200        0.187200        0.000000        0.172019        -0.014153
7               1       6:1             0.172700        0.172700        0.000000        0.181139        0.000000
8               1       7:1             0.146000        0.146000        0.000000        0.168168        0.000000
9               1       8:1             0.094700        0.094700        0.000000        0.139895        0.000000
10              1       9:1             0.055100        0.055100        0.000000        0.104439        0.000000
11              1       10:1            0.022400        0.022400        0.000000        0.068878        0.000000
12              1       10:2            0.005800        0.000000        -0.005800       0.037252        -0.002213
13              1       11:2            0.009600        0.009600        0.000000        0.021101        -0.001483
14              2       1:0             0.158800        0.158800        0.000000        0.087661        -0.000748
15              2       2:0             0.174600        0.174600        0.000000        0.135135        -0.000344
16              2       2:1             0.191000        0.000000        -0.191000       0.082149        -0.082970
17              2       2:2             0.191800        0.000000        -0.191800       0.051060        -0.128827
18              2       3:2             0.170900        0.170900        0.000000        0.097442        -0.081737
19              2       3:3             0.199400        0.000000        -0.199400       0.057107        -0.130836
20              2       3:4             0.209900        0.000000        -0.209900       0.029268        -0.167739
21              2       3:5             0.180800        0.000000        -0.180800       0.019610        -0.171524
22              2       4:5             0.144100        0.144100        0.000000        0.068114        -0.105042
23              2       5:5             0.185400        0.185400        0.000000        0.107565        -0.070378
24              2       5:6             0.226400        0.000000        -0.226400       0.072069        -0.123256
25              2       6:6             0.206800        0.206800        0.000000        0.127182        -0.071770
26              2       7:6             0.268000        0.268000        0.000000        0.187456        -0.038773
27              2       8:6             0.298600        0.298600        0.000000        0.232092        -0.025978
28              2       8:7             0.276800        0.000000        -0.276800       0.145952        -0.123007
29              2       8:8             0.341200        0.000000        -0.341200       0.097788        -0.200924
30              2       9:8             0.368600        0.368600        0.000000        0.195490        -0.134619
31              2       9:9             0.424300        0.000000        -0.424300       0.117174        -0.252069
32              2       10:9            0.488200        0.488200        0.000000        0.249379        -0.168886
33              2       11:9            0.603400        0.603400        0.000000        0.397286        -0.098896
34              3       0:1             0.155800        0.000000        -0.155800       0.230600        -0.107787
35              3       0:2             0.142500        0.000000        -0.142500       0.100534        -0.129729
36              3       0:3             0.118300        0.000000        -0.118300       0.045932        -0.123011
37              3       0:4             0.100700        0.000000        -0.100700       0.015193        -0.117151
38              3       0:5             0.075000        0.000000        -0.075000       0.000000        -0.102942
39              3       0:6             0.052200        0.000000        -0.052200       0.000000        -0.080861
40              3       1:6             0.028900        0.028900        0.000000        0.011026        -0.046837
41              3       2:6             0.043100        0.043100        0.000000        0.023830        -0.025287
42              3       2:7             0.075000        0.000000        -0.075000       0.015966        -0.040369
43              3       3:7             0.042200        0.042200        0.000000        0.026797        -0.023184
44              3       3:8             0.075600        0.000000        -0.075600       0.017954        -0.041686
45              3       3:9             0.039400        0.000000        -0.039400       0.010541        -0.042961
46              3       3:10            0.016800        0.000000        -0.016800       0.004842        -0.035193
47              3       4:10            0.003600        0.003600        0.000000        0.004618        -0.019716
48              3       4:11            0.007100        0.000000        -0.007100       0.000920        -0.015919
49              4       1:0             0.167500        0.167500        0.000000        0.086916        -0.004187
50              4       1:1             0.182300        0.000000        -0.182300       0.053464        -0.087841
51              4       2:1             0.164100        0.164100        0.000000        0.103848        -0.053342
52              4       2:2             0.193500        0.000000        -0.193500       0.064591        -0.111104
53              4       2:3             0.184700        0.000000        -0.184700       0.040981        -0.140843
54              4       3:3             0.155700        0.155700        0.000000        0.078230        -0.094365
55              4       4:3             0.190500        0.190500        0.000000        0.125092        -0.053834
56              4       5:3             0.216900        0.216900        0.000000        0.158108        -0.036069
57              4       5:4             0.226700        0.000000        -0.226700       0.105932        -0.100687
58              4       5:5             0.236700        0.000000        -0.236700       0.070975        -0.148250
59              4       6:5             0.231400        0.231400        0.000000        0.127814        -0.099327
60              4       7:5             0.265800        0.265800        0.000000        0.177228        -0.066549
61              4       7:6             0.266200        0.000000        -0.266200       0.107571        -0.146146
62              4       7:7             0.291900        0.000000        -0.291900       0.072072        -0.197603
63              4       7:8             0.305500        0.000000        -0.305500       0.048288        -0.236753
65              4       7:10            0.185100        0.000000        -0.185100       0.000000        -0.245169
66              4       7:11            0.080600        0.000000        -0.080600       0.000000        -0.181301
67              5       1:0             0.148900        0.148900        0.000000        0.076852        -0.071771
68              5       2:0             0.168200        0.168200        0.000000        0.127147        -0.028461
69              5       3:0             0.174900        0.174900        0.000000        0.153675        -0.009384
70              5       4:0             0.190200        0.190200        0.000000        0.172298        -0.002029
71              5       4:1             0.172000        0.000000        -0.172000       0.109317        -0.065619
72              5       4:2             0.193400        0.000000        -0.193400       0.065573        -0.117749
73              5       5:2             0.207000        0.207000        0.000000        0.114242        -0.078892
74              5       6:2             0.209300        0.209300        0.000000        0.147383        -0.052857
75              5       7:2             0.179600        0.179600        0.000000        0.157469        -0.035414
76              5       7:3             0.128400        0.000000        -0.128400       0.105504        -0.063854
77              5       8:3             0.181800        0.181800        0.000000        0.140046        -0.032820
78              5       9:3             0.113900        0.113900        0.000000        0.126622        -0.021990
79              5       9:4             0.061400        0.000000        -0.061400       0.074056        -0.038158
80              5       10:4            0.092600        0.092600        0.000000        0.075694        -0.025566
81              5       11:4            0.032600        0.032600        0.000000        0.063152        -0.010515
82              6       0:1             0.168800        0.000000        -0.168800       0.024035        -0.091084
83              6       1:1             0.140300        0.140300        0.000000        0.075931        -0.055484
84              6       1:2             0.165000        0.000000        -0.165000       0.045033        -0.104394
85              6       1:3             0.146200        0.000000        -0.146200       0.026194        -0.123891
86              6       2:3             0.123500        0.123500        0.000000        0.063215        -0.078605
87              6       2:4             0.161800        0.000000        -0.161800       0.042354        -0.105699
88              6       2:5             0.137600        0.000000        -0.137600       0.021151        -0.123314
89              6       2:6             0.107800        0.000000        -0.107800       0.014171        -0.115248
90              6       3:6             0.073800        0.073800        0.000000        0.037650        -0.069686
91              6       4:6             0.116100        0.116100        0.000000        0.063157        -0.046689
92              6       4:7             0.158600        0.000000        -0.158600       0.042315        -0.083455
93              6       5:7             0.109800        0.109800        0.000000        0.070241        -0.048827
94              6       6:7             0.168300        0.168300        0.000000        0.111269        -0.027162
95              6       7:7             0.236700        0.236700        0.000000        0.161052        -0.018198
96              6       7:8             0.293800        0.000000        -0.293800       0.101925        -0.124280
97              6       7:9             0.269300        0.000000        -0.269300       0.068290        -0.177839
98              6       7:10            0.188700        0.000000        -0.188700       0.040098        -0.191143
99              6       7:11            0.081100        0.000000        -0.081100       0.018197        -0.159006
100             7       0:1             0.158300        0.000000        -0.158300       0.000000        -0.153832
101             7       0:2             0.139700        0.000000        -0.139700       0.000000        -0.145412
102             7       1:2             0.129400        0.129400        0.000000        0.056105        -0.080901
103             7       2:2             0.147800        0.147800        0.000000        0.094473        -0.046488
104             7       3:2             0.185500        0.185500        0.000000        0.130710        -0.028200
105             7       4:2             0.191300        0.191300        0.000000        0.160558        -0.010740
106             7       4:3             0.219400        0.000000        -0.219400       0.107574        -0.083703
107             7       4:4             0.213400        0.000000        -0.213400       0.065409        -0.137495
108             7       4:5             0.210200        0.000000        -0.210200       0.036211        -0.172315
109             7       4:6             0.179300        0.000000        -0.179300       0.014707        -0.183855
110             7       5:6             0.165600        0.165600        0.000000        0.063178        -0.123183
111             7       6:6             0.217400        0.217400        0.000000        0.125269        -0.071232
112             7       7:6             0.259000        0.259000        0.000000        0.182741        -0.036733
113             7       7:7             0.283800        0.000000        -0.283800       0.122436        -0.122056
114             7       7:8             0.295000        0.000000        -0.295000       0.082032        -0.185087
115             7       7:9             0.265400        0.000000        -0.265400       0.046432        -0.225261
116             7       7:10            0.193200        0.000000        -0.193200       0.019911        -0.224632
117             7       7:11            0.075300        0.000000        -0.075300       0.000000        -0.179231
PS E:\课题研究> cd "e:\课题研究\" ; if ($?) { g++ -std=c++14 model_0_2.cpp -o model_0_2 } ; if ($?) { .\model_0_2 }
Point #N        Game    Score(A:B)      L_i             G_A             G_B             M_A             M_B
-------------------------------------------------------------------------------------------------------------
1               1       1:0             0.158800        0.158800        0.000000        0.158800        0.000000
2               1       1:1             0.172800        0.000000        -0.172800       0.063710        -0.103473
3               1       2:1             0.159500        0.159500        0.000000        0.108918        -0.054640
4               1       3:1             0.178900        0.178900        0.000000        0.137840        -0.032058
5               1       4:1             0.210600        0.210600        0.000000        0.165599        -0.019828
6               1       5:1             0.207400        0.207400        0.000000        0.181896        -0.013285
7               1       6:1             0.166300        0.166300        0.000000        0.185315        0.000000
8               1       7:1             0.135200        0.135200        0.000000        0.167526        0.000000
9               1       8:1             0.088900        0.088900        0.000000        0.136943        0.000000
10              1       9:1             0.056400        0.056400        0.000000        0.102421        0.000000
11              1       10:1            0.023400        0.023400        0.000000        0.066867        0.000000
12              1       10:2            0.005100        0.000000        -0.005100       0.036235        -0.001946
13              1       11:2            0.011600        0.011600        0.000000        0.021739        -0.001304
14              2       1:0             0.164500        0.164500        0.000000        0.091226        -0.000658
15              2       2:0             0.171700        0.171700        0.000000        0.135837        -0.000302
16              2       2:1             0.189500        0.000000        -0.189500       0.082524        -0.082301
17              2       2:2             0.185800        0.000000        -0.185800       0.051277        -0.126005
18              2       3:2             0.184600        0.184600        0.000000        0.102774        -0.079946
19              2       3:3             0.188600        0.000000        -0.188600       0.060386        -0.125516
20              2       3:4             0.185300        0.000000        -0.185300       0.031614        -0.154789
21              2       3:5             0.170800        0.000000        -0.170800       0.021182        -0.159110
22              2       4:5             0.148000        0.148000        0.000000        0.070655        -0.097033
23              2       5:5             0.184000        0.184000        0.000000        0.108028        -0.065012
24              2       5:6             0.233300        0.000000        -0.233300       0.072379        -0.122850
25              2       6:6             0.214700        0.214700        0.000000        0.130404        -0.072765
26              2       7:6             0.247300        0.247300        0.000000        0.181717        -0.039955
27              2       8:6             0.292400        0.292400        0.000000        0.225680        -0.026770
28              2       8:7             0.282400        0.000000        -0.282400       0.141728        -0.125674
29              2       8:8             0.335500        0.000000        -0.335500       0.094958        -0.200181
30              2       9:8             0.376200        0.376200        0.000000        0.196086        -0.134121
31              2       9:9             0.420700        0.000000        -0.420700       0.118640        -0.250362
32              2       10:9            0.489700        0.489700        0.000000        0.251252        -0.167742
33              2       11:9            0.601600        0.601600        0.000000        0.397855        -0.097841
34              3       0:1             0.160200        0.000000        -0.160200       0.230574        -0.109826
35              3       0:2             0.148600        0.000000        -0.148600       0.100409        -0.133916
36              3       0:3             0.118500        0.000000        -0.118500       0.045875        -0.125727
37              3       0:4             0.095800        0.000000        -0.095800       0.015148        -0.116867
38              3       0:5             0.079000        0.000000        -0.079000       0.000000        -0.104288
39              3       0:6             0.045400        0.000000        -0.045400       0.000000        -0.078942
40              3       1:6             0.026900        0.026900        0.000000        0.010263        -0.045237
41              3       2:6             0.048500        0.048500        0.000000        0.025379        -0.024205
42              3       2:7             0.072100        0.000000        -0.072100       0.017004        -0.038789
43              3       3:7             0.041600        0.041600        0.000000        0.027263        -0.021920
44              3       3:8             0.076200        0.000000        -0.076200       0.018266        -0.041419
45              3       3:9             0.040500        0.000000        -0.040500       0.010853        -0.043202
46              3       3:10            0.016000        0.000000        -0.016000       0.004773        -0.035049
47              3       4:10            0.002900        0.002900        0.000000        0.004305        -0.019769
48              3       4:11            0.008000        0.000000        -0.008000       0.000741        -0.016297
49              4       1:0             0.153100        0.153100        0.000000        0.079394        -0.004403
50              4       1:1             0.172700        0.000000        -0.172700       0.048844        -0.083369
51              4       2:1             0.174700        0.174700        0.000000        0.105623        -0.050602
52              4       2:2             0.188600        0.000000        -0.188600       0.065707        -0.107416
53              4       2:3             0.174900        0.000000        -0.174900       0.041689        -0.134750
54              4       3:3             0.160700        0.160700        0.000000        0.081354        -0.090283
55              4       4:3             0.200300        0.200300        0.000000        0.130923        -0.051594
56              4       5:3             0.219100        0.219100        0.000000        0.162309        -0.034568
57              4       5:4             0.235200        0.000000        -0.235200       0.108747        -0.103177
58              4       5:5             0.237700        0.000000        -0.237700       0.072860        -0.150804
59              4       6:5             0.225400        0.225400        0.000000        0.126531        -0.101039
60              4       7:5             0.261200        0.261200        0.000000        0.174109        -0.067696
61              4       7:6             0.253100        0.000000        -0.253100       0.105367        -0.141916
62              4       7:7             0.276000        0.000000        -0.276000       0.070596        -0.188265
63              4       7:8             0.301200        0.000000        -0.301200       0.047299        -0.228805
65              4       7:10            0.201600        0.000000        -0.201600       0.000000        -0.248458
66              4       7:11            0.083900        0.000000        -0.083900       0.000000        -0.185439
67              5       1:0             0.170400        0.170400        0.000000        0.087948        -0.074755
68              5       2:0             0.174600        0.174600        0.000000        0.137019        -0.029896
69              5       3:0             0.182200        0.182200        0.000000        0.162884        -0.010010
70              5       4:0             0.183100        0.183100        0.000000        0.175171        -0.002113
71              5       4:1             0.170400        0.000000        -0.170400       0.111140        -0.065009
72              5       4:2             0.184100        0.000000        -0.184100       0.065687        -0.113792
73              5       5:2             0.208100        0.208100        0.000000        0.114409        -0.076240
74              5       6:2             0.197400        0.197400        0.000000        0.142579        -0.051081
75              5       7:2             0.178000        0.178000        0.000000        0.154005        -0.034224
76              5       7:3             0.136300        0.000000        -0.136300       0.103183        -0.066153
77              5       8:3             0.171300        0.171300        0.000000        0.134485        -0.034840
78              5       9:3             0.115900        0.115900        0.000000        0.123603        -0.023343
79              5       9:4             0.059300        0.000000        -0.059300       0.072646        -0.038263
80              5       10:4            0.088200        0.088200        0.000000        0.073154        -0.025636
81              5       11:4            0.029700        0.029700        0.000000        0.060344        -0.010156
82              6       0:1             0.161300        0.000000        -0.161300       0.022784        -0.087077
83              6       1:1             0.137300        0.137300        0.000000        0.073903        -0.053038
84              6       1:2             0.172900        0.000000        -0.172900       0.043885        -0.106360
85              6       1:3             0.146300        0.000000        -0.146300       0.025579        -0.125155
86              6       2:3             0.125900        0.125900        0.000000        0.063786        -0.079407
87              6       2:4             0.159300        0.000000        -0.159300       0.042737        -0.105669
88              6       2:5             0.137900        0.000000        -0.137900       0.021562        -0.123408
89              6       2:6             0.110800        0.000000        -0.110800       0.014446        -0.116049
90              6       3:6             0.072700        0.072700        0.000000        0.037415        -0.070217
91              6       4:6             0.109000        0.109000        0.000000        0.060167        -0.047045
92              6       4:7             0.155700        0.000000        -0.155700       0.040312        -0.082716
93              6       5:7             0.114200        0.114200        0.000000        0.070577        -0.048317
94              6       6:7             0.161100        0.161100        0.000000        0.108748        -0.026665
95              6       7:7             0.244400        0.244400        0.000000        0.162357        -0.017866
96              6       7:8             0.304100        0.000000        -0.304100       0.103165        -0.127987
97              6       7:9             0.275100        0.000000        -0.275100       0.069120        -0.182684
98              6       7:10            0.186300        0.000000        -0.186300       0.040428        -0.193473
99              6       7:11            0.084900        0.000000        -0.084900       0.018789        -0.162017
100             7       0:1             0.152100        0.000000        -0.152100       0.000000        -0.152010
101             7       0:2             0.137400        0.000000        -0.137400       0.000000        -0.142830
102             7       1:2             0.117900        0.117900        0.000000        0.051119        -0.079168
103             7       2:2             0.152900        0.152900        0.000000        0.093424        -0.045417
104             7       3:2             0.174300        0.174300        0.000000        0.125771        -0.027459
105             7       4:2             0.206600        0.206600        0.000000        0.163086        -0.010563
106             7       4:3             0.215200        0.000000        -0.215200       0.109268        -0.082101
107             7       4:4             0.212500        0.000000        -0.212500       0.067137        -0.136078
108             7       4:5             0.210600        0.000000        -0.210600       0.037106        -0.171518
109             7       4:6             0.175300        0.000000        -0.175300       0.015883        -0.181795
110             7       5:6             0.152400        0.152400        0.000000        0.058142        -0.121803
111             7       6:6             0.205100        0.205100        0.000000        0.117202        -0.070523
112             7       7:6             0.258800        0.258800        0.000000        0.177260        -0.036305
113             7       7:7             0.293500        0.000000        -0.293500       0.118764        -0.125449
114             7       7:8             0.294900        0.000000        -0.294900       0.079572        -0.187529
115             7       7:9             0.258300        0.000000        -0.258300       0.045463        -0.224188
116             7       7:10            0.191600        0.000000        -0.191600       0.019896        -0.223303
117             7       7:11            0.080700        0.000000        -0.080700       0.000000        -0.180401
PS E:\课题研究> cd "e:\课题研究\" ; if ($?) { g++ -std=c++14 model_0_2.cpp -o model_0_2 } ; if ($?) { .\model_0_2 }
Point #N        Game    Score(A:B)      L_i             G_A             G_B             M_A             M_B
-----------------------------------------------------------------------------------------------------------------
1               1       1:0             0.158600        0.158600        0.000000        0.158600        0.000000
2               1       1:1             0.175000        0.000000        -0.175000       0.063630        -0.104790
3               1       2:1             0.163600        0.163600        0.000000        0.110810        -0.055335
4               1       3:1             0.193700        0.193700        0.000000        0.145067        -0.032466
5               1       4:1             0.201000        0.201000        0.000000        0.166406        -0.020080
6               1       5:1             0.197600        0.197600        0.000000        0.178709        -0.013454
7               1       6:1             0.176300        0.176300        0.000000        0.186995        0.000000
8               1       7:1             0.138300        0.138300        0.000000        0.169622        0.000000
9               1       8:1             0.098500        0.098500        0.000000        0.141248        0.000000
10              1       9:1             0.051700        0.051700        0.000000        0.104007        0.000000
11              1       10:1            0.022000        0.022000        0.000000        0.067900        0.000000
12              1       10:2            0.005700        0.000000        -0.005700       0.036412        -0.002175
13              1       11:2            0.008300        0.008300        0.000000        0.020439        -0.001457
14              2       1:0             0.171200        0.171200        0.000000        0.093590        -0.000735
15              2       2:0             0.173700        0.173700        0.000000        0.138484        -0.000338
16              2       2:1             0.191500        0.000000        -0.191500       0.084230        -0.083184
17              2       2:2             0.191600        0.000000        -0.191600       0.052367        -0.128882
18              2       3:2             0.174000        0.174000        0.000000        0.099475        -0.081771
19              2       3:3             0.195800        0.000000        -0.195800       0.057830        -0.129486
20              2       3:4             0.191800        0.000000        -0.191800       0.029799        -0.159929
21              2       3:5             0.171600        0.000000        -0.171600       0.019965        -0.162755
22              2       4:5             0.136100        0.136100        0.000000        0.065300        -0.099177
23              2       5:5             0.185800        0.185800        0.000000        0.105673        -0.066449
24              2       5:6             0.236800        0.000000        -0.236800       0.070801        -0.124776
25              2       6:6             0.199600        0.199600        0.000000        0.123586        -0.073721
26              2       7:6             0.255800        0.255800        0.000000        0.180392        -0.040554
27              2       8:6             0.293400        0.293400        0.000000        0.225787        -0.027171
28              2       8:7             0.284600        0.000000        -0.284600       0.141707        -0.126782
29              2       8:8             0.346800        0.000000        -0.346800       0.094944        -0.205054
30              2       9:8             0.359900        0.359900        0.000000        0.190636        -0.137386
31              2       9:9             0.408700        0.000000        -0.408700       0.114550        -0.247971
32              2       10:9            0.491600        0.491600        0.000000        0.249186        -0.166141
33              2       11:9            0.604000        0.604000        0.000000        0.397385        -0.096655
34              3       0:1             0.158100        0.000000        -0.158100       0.230913        -0.107968
35              3       0:2             0.147500        0.000000        -0.147500       0.100807        -0.132370
36              3       0:3             0.124500        0.000000        -0.124500       0.046057        -0.127600
37              3       0:4             0.100900        0.000000        -0.100900       0.015209        -0.120088
38              3       0:5             0.075000        0.000000        -0.075000       0.000000        -0.104805
39              3       0:6             0.050800        0.000000        -0.050800       0.000000        -0.081457
40              3       1:6             0.031600        0.031600        0.000000        0.012056        -0.046978
41              3       2:6             0.044100        0.044100        0.000000        0.024902        -0.025063
42              3       2:7             0.068400        0.000000        -0.068400       0.016684        -0.037690
43              3       3:7             0.041100        0.041100        0.000000        0.026858        -0.021389
44              3       3:8             0.066700        0.000000        -0.066700       0.017995        -0.037161
45              3       3:9             0.038000        0.000000        -0.038000       0.010429        -0.039395
46              3       3:10            0.015300        0.000000        -0.015300       0.004716        -0.032232
47              3       4:10            0.004100        0.004100        0.000000        0.004724        -0.018072
48              3       4:11            0.007900        0.000000        -0.007900       0.001048        -0.015122
49              4       1:0             0.151800        0.151800        0.000000        0.078877        -0.004252
50              4       1:1             0.175300        0.000000        -0.175300       0.048502        -0.084570
51              4       2:1             0.157700        0.157700        0.000000        0.098031        -0.051352
52              4       2:2             0.196000        0.000000        -0.196000       0.060961        -0.110865
53              4       2:3             0.166100        0.000000        -0.166100       0.038678        -0.133583
54              4       3:3             0.160700        0.160700        0.000000        0.079403        -0.089500
55              4       4:3             0.202300        0.202300        0.000000        0.130379        -0.050936
56              4       5:3             0.212500        0.212500        0.000000        0.160302        -0.034127
57              4       5:4             0.216600        0.000000        -0.216600       0.107402        -0.095404
58              4       5:5             0.243000        0.000000        -0.243000       0.071960        -0.148072
59              4       6:5             0.232000        0.232000        0.000000        0.128445        -0.099208
60              4       7:5             0.251700        0.251700        0.000000        0.171664        -0.066469
61              4       7:6             0.269700        0.000000        -0.269700       0.104069        -0.147427
62              4       7:7             0.294800        0.000000        -0.294800       0.069726        -0.200088
63              4       7:8             0.306100        0.000000        -0.306100       0.046717        -0.238322
64              4       7:9             0.262200        0.000000        -0.262200       0.019350        -0.259707
65              4       7:10            0.183700        0.000000        -0.183700       0.000000        -0.244087
66              4       7:11            0.079600        0.000000        -0.079600       0.000000        -0.180015
67              5       1:0             0.160500        0.160500        0.000000        0.082839        -0.071035
68              5       2:0             0.173800        0.173800        0.000000        0.133492        -0.028114
69              5       3:0             0.194000        0.194000        0.000000        0.165840        -0.009292
70              5       4:0             0.176900        0.176900        0.000000        0.174514        -0.002004
71              5       4:1             0.173700        0.000000        -0.173700       0.110723        -0.066268
72              5       4:2             0.184500        0.000000        -0.184500       0.065917        -0.114788
73              5       5:2             0.211000        0.211000        0.000000        0.115711        -0.076908
74              5       6:2             0.204500        0.204500        0.000000        0.145552        -0.051528
75              5       7:2             0.168200        0.168200        0.000000        0.152578        -0.034524
76              5       7:3             0.137200        0.000000        -0.137200       0.102227        -0.066527
77              5       8:3             0.171700        0.171700        0.000000        0.133997        -0.035070
78              5       9:3             0.115200        0.115200        0.000000        0.122860        -0.023497
79              5       9:4             0.061200        0.000000        -0.061200       0.071782        -0.039091
80              5       10:4            0.086700        0.086700        0.000000        0.072507        -0.026191
81              5       11:4            0.031700        0.031700        0.000000        0.060674        -0.010481
82              6       0:1             0.171400        0.000000        -0.171400       0.023084        -0.092413
83              6       1:1             0.149200        0.149200        0.000000        0.079698        -0.056305
84              6       1:2             0.177300        0.000000        -0.177300       0.047409        -0.110233
85              6       1:3             0.152800        0.000000        -0.152800       0.027781        -0.130186
86              6       2:3             0.127100        0.127100        0.000000        0.065609        -0.082598
87              6       2:4             0.157600        0.000000        -0.157600       0.043958        -0.106638
88              6       2:5             0.125000        0.000000        -0.125000       0.021767        -0.119136
89              6       2:6             0.104400        0.000000        -0.104400       0.014584        -0.110518
90              6       3:6             0.070500        0.070500        0.000000        0.036668        -0.066177
91              6       4:6             0.109400        0.109400        0.000000        0.059758        -0.044338
92              6       4:7             0.162500        0.000000        -0.162500       0.040038        -0.083584
93              6       5:7             0.108200        0.108200        0.000000        0.068104        -0.049563
94              6       6:7             0.159200        0.159200        0.000000        0.106366        -0.027830
95              6       7:7             0.234000        0.234000        0.000000        0.156907        -0.018646
96              6       7:8             0.310800        0.000000        -0.310800       0.099493        -0.131066
97              6       7:9             0.268800        0.000000        -0.268800       0.066660        -0.181993
98              6       7:10            0.188300        0.000000        -0.188300       0.039089        -0.193774
99              6       7:11            0.081300        0.000000        -0.081300       0.017990        -0.160845
100             7       0:1             0.151800        0.000000        -0.151800       0.000000        -0.150994
101             7       0:2             0.140800        0.000000        -0.140800       0.000000        -0.143852
102             7       1:2             0.111900        0.111900        0.000000        0.048517        -0.079956
103             7       2:2             0.150800        0.150800        0.000000        0.090958        -0.045904
104             7       3:2             0.185600        0.185600        0.000000        0.128518        -0.027826
105             7       4:2             0.194200        0.194200        0.000000        0.160196        -0.010824
106             7       4:3             0.206700        0.000000        -0.206700       0.107331        -0.078858
107             7       4:4             0.209000        0.000000        -0.209000       0.066148        -0.132570
108             7       4:5             0.197800        0.000000        -0.197800       0.036552        -0.164284
109             7       4:6             0.188300        0.000000        -0.188300       0.014930        -0.181908
110             7       5:6             0.153400        0.153400        0.000000        0.058523        -0.121879
111             7       6:6             0.207000        0.207000        0.000000        0.118183        -0.071012
112             7       7:6             0.246600        0.246600        0.000000        0.173263        -0.036813
113             7       7:7             0.294400        0.000000        -0.294400       0.116086        -0.126792
114             7       7:8             0.298300        0.000000        -0.298300       0.077778        -0.189056
115             7       7:9             0.275700        0.000000        -0.275700       0.044210        -0.231849
116             7       7:10            0.188900        0.000000        -0.188900       0.018958        -0.227406
117             7       7:11            0.084500        0.000000        -0.084500       0.000000        -0.184599